 Hanford
   36.31357 -119.63164   73 -8 version 1
 2019   1  1  1  0  0  0.000  81.55    79.6 0   229.6 0    55.8 0     3.4 0    42.7 0     0.475     0.581     0.358     0.042
 2019   1  1  1  0  1  0.017  81.71    78.2 0   228.6 0    54.7 0     3.3 0    42.7 0     0.475     1.278     0.358     0.047
 2019   1  1  1  0  2  0.033  81.87    76.0 0   221.5 0    53.7 0     3.2 0    42.7 0     0.594     1.394     0.358     0.054
 2019   1  1  1  0  3  0.050  82.03    74.4 0   218.2 0    52.7 0     3.1 0    42.7 0     0.475     0.697     0.239     0.059
 2019   1  1  1  0  4  0.067  82.19    72.6 0   214.5 0    51.7 0     3.0 0    42.7 0     0.594     1.511     0.358     0.060
 2019   1  1  1  0  5  0.083  82.35    71.2 0   214.9 0    50.8 0     2.9 0    42.7 0     0.356     0.813     0.358     0.052
 2019   1  1  1  0  6  0.100  82.51    69.3 0   211.8 0    49.9 0     2.8 0    42.7 0     0.950     3.370     0.358     0.037
 2019   1  1  1  0  7  0.117  82.67    67.2 0   206.1 0    48.8 0     2.7 0    42.7 0     0.594     1.743     0.358     0.000
 2019   1  1  1  0  8  0.133  82.83    64.9 0   200.0 0    47.7 0     2.6 0    42.7 0     0.950     3.951     0.358     0.044
 2019   1  1  1  0  9  0.150  82.99    61.4 0   184.1 0    46.7 0     2.6 0    42.7 0     0.713     2.556     0.358     0.061
 2019   1  1  1  0 10  0.167  83.15    60.4 0   187.7 0    45.6 0     2.5 0    42.7 0     0.000     3.951     0.239     0.053
 2019   1  1  1  0 11  0.183  83.32    58.5 0   184.5 0    44.6 0     2.4 0    42.7 0     1.188     6.739     0.358     0.000
 2019   1  1  1  0 12  0.200  83.48    56.1 0   176.4 0    43.5 0     2.3 0    42.7 0     0.475     1.627     0.358     0.028
 
